H_Gh/H_Dh/H_Bn,... in [kWh/m2day]	Ta in [°C]

Mon	day	H_Gh	H_Dh	H_Gk	H_Dk	H_Bn	Ta
1	1	2.43	0.91	2.43	0.91	3.92	15.1
1	2	1.42	1.26	1.42	1.26	0.39	12.8
1	3	2.53	0.77	2.53	0.77	4.41	13.1
1	4	2.83	0.55	2.83	0.55	5.77	12.0
1	5	1.36	1.25	1.36	1.25	0.22	11.6
1	6	2.58	0.81	2.58	0.81	4.45	11.2
1	7	2.27	1.25	2.27	1.25	3.29	11.5
1	8	1.46	1.22	1.46	1.22	0.66	10.7
1	9	1.60	1.21	1.60	1.21	1.14	10.3
1	10	2.08	1.19	2.08	1.19	2.45	10.6
1	11	2.77	0.67	2.77	0.67	5.32	11.3
1	12	2.99	0.51	2.99	0.51	6.41	7.5
1	13	2.64	0.92	2.64	0.92	4.69	9.5
1	14	0.88	0.88	0.88	0.88	0.01	9.7
1	15	1.02	0.98	1.02	0.98	0.16	8.4
1	16	0.90	0.90	0.90	0.90	0.01	9.9
1	17	2.98	0.62	2.98	0.62	5.93	10.9
1	18	2.90	0.74	2.90	0.74	5.49	11.8
1	19	2.24	1.47	2.24	1.47	2.20	12.7
1	20	0.49	0.49	0.49	0.49	0.00	12.1
1	21	1.62	1.05	1.62	1.05	1.32	13.7
1	22	0.66	0.66	0.66	0.66	0.00	14.0
1	23	1.90	1.51	1.90	1.51	1.05	12.3
1	24	3.33	0.54	3.33	0.54	6.75	10.4
1	25	3.04	0.91	3.04	0.91	5.10	11.0
1	26	3.33	0.57	3.33	0.57	6.52	14.0
1	27	1.35	0.79	1.35	0.79	1.51	13.4
1	28	3.46	0.55	3.46	0.55	6.77	12.2
1	29	2.06	1.73	2.06	1.73	0.75	13.0
1	30	1.87	1.67	1.87	1.67	0.46	13.3
1	31	1.80	1.65	1.80	1.65	0.33	14.7
2	1	2.16	1.80	2.16	1.80	0.82	14.7
2	2	2.61	1.62	2.61	1.62	2.16	14.5
2	3	0.84	0.84	0.84	0.84	0.00	13.2
2	4	1.23	1.22	1.23	1.22	0.01	11.1
2	5	1.26	0.90	1.26	0.90	0.89	12.4
2	6	3.68	0.73	3.68	0.73	6.29	11.8
2	7	2.95	1.54	2.95	1.54	3.04	12.9
2	8	3.37	1.21	3.37	1.21	4.62	11.5
2	9	3.39	1.22	3.39	1.22	4.49	10.9
2	10	2.10	1.84	2.10	1.84	0.57	11.9
2	11	3.81	0.86	3.81	0.86	6.07	12.4
2	12	3.61	1.15	3.61	1.15	5.02	12.2
2	13	3.45	1.42	3.45	1.42	4.25	13.3
2	14	3.71	1.17	3.71	1.17	5.07	10.0
2	15	3.34	1.77	3.34	1.77	3.53	10.4
2	16	4.52	0.69	4.52	0.69	7.58	13.1
2	17	3.33	1.81	3.33	1.81	3.19	13.9
2	18	2.54	1.87	2.54	1.87	1.24	12.7
2	19	1.65	1.05	1.65	1.05	1.29	13.6
2	20	2.95	2.13	2.95	2.13	1.62	14.2
2	21	3.67	1.57	3.67	1.57	4.18	15.9
2	22	3.64	1.75	3.64	1.75	3.87	16.4
2	23	4.54	0.75	4.54	0.75	7.45	14.3
2	24	4.36	1.03	4.36	1.03	6.48	14.6
2	25	4.36	1.11	4.36	1.11	6.40	14.1
2	26	4.13	1.47	4.13	1.47	4.98	13.8
2	27	4.02	1.85	4.02	1.85	4.10	15.1
2	28	3.37	1.94	3.37	1.94	3.18	15.4
2	29	3.56	2.04	3.56	2.04	3.34	6.4
3	1	4.75	0.98	4.75	0.98	7.05	11.9
3	2	4.16	1.81	4.16	1.81	4.66	9.6
3	3	4.96	0.87	4.96	0.87	7.87	10.1
3	4	4.85	1.08	4.85	1.08	7.24	10.9
3	5	4.81	1.19	4.81	1.19	6.83	11.6
3	6	3.76	2.49	3.76	2.49	2.42	11.4
3	7	4.85	1.40	4.85	1.40	6.69	10.7
3	8	4.12	2.20	4.12	2.20	3.54	11.2
3	9	5.59	0.65	5.59	0.65	9.25	11.7
3	10	5.51	0.78	5.51	0.78	8.57	12.2
3	11	2.79	2.06	2.79	2.06	1.46	12.0
3	12	3.19	2.29	3.19	2.29	1.66	12.4
3	13	3.38	2.31	3.38	2.31	1.75	12.5
3	14	2.44	2.33	2.44	2.33	0.18	12.6
3	15	4.96	1.82	4.96	1.82	5.54	12.9
3	16	4.97	1.82	4.97	1.82	5.72	14.0
3	17	4.82	2.10	4.82	2.10	4.75	13.4
3	18	2.35	2.00	2.35	2.00	0.63	13.3
3	19	5.53	1.39	5.53	1.39	7.12	13.0
3	20	5.91	0.95	5.91	0.95	8.47	13.2
3	21	5.83	1.13	5.83	1.13	7.98	13.8
3	22	2.26	2.08	2.26	2.08	0.42	13.4
3	23	3.26	2.47	3.26	2.47	1.20	14.1
3	24	4.05	3.05	4.05	3.05	1.65	14.5
3	25	2.63	2.43	2.63	2.43	0.35	14.2
3	26	5.51	1.88	5.51	1.88	6.11	14.6
3	27	5.56	1.87	5.56	1.87	6.00	15.4
3	28	5.56	1.93	5.56	1.93	5.84	15.0
3	29	6.20	1.25	6.20	1.25	7.84	16.7
3	30	5.96	1.67	5.96	1.67	6.86	17.7
3	31	2.69	2.56	2.69	2.56	0.18	15.6
4	1	3.85	3.09	3.85	3.09	1.24	13.1
4	2	3.05	2.86	3.05	2.86	0.28	12.1
4	3	3.55	3.09	3.55	3.09	0.72	13.2
4	4	4.85	2.48	4.85	2.48	4.36	15.2
4	5	6.53	1.32	6.53	1.32	8.39	14.8
4	6	6.60	1.28	6.60	1.28	8.48	15.9
4	7	6.66	1.27	6.66	1.27	8.64	15.5
4	8	6.16	2.07	6.16	2.07	6.63	14.5
4	9	6.53	1.61	6.53	1.61	7.79	17.4
4	10	6.42	1.91	6.42	1.91	7.13	18.9
4	11	6.20	2.18	6.20	2.18	6.30	14.2
4	12	6.60	1.76	6.60	1.76	7.74	13.9
4	13	6.09	2.33	6.09	2.33	5.86	13.5
4	14	6.44	2.08	6.44	2.08	6.85	12.3
4	15	6.90	1.48	6.90	1.48	8.36	13.0
4	16	6.70	1.87	6.70	1.87	7.45	12.9
4	17	6.50	2.19	6.50	2.19	6.59	12.4
4	18	4.65	3.49	4.65	3.49	1.63	11.5
4	19	5.33	3.12	5.33	3.12	3.28	12.2
4	20	5.44	2.93	5.44	2.93	3.92	11.7
4	21	6.53	2.39	6.53	2.39	6.19	12.6
4	22	6.05	2.86	6.05	2.86	4.61	12.9
4	23	7.22	1.55	7.22	1.55	8.40	12.0
4	24	6.62	2.45	6.62	2.45	6.16	13.3
4	25	6.80	2.29	6.80	2.29	6.68	12.8
4	26	3.36	3.08	3.36	3.08	0.46	12.5
4	27	1.91	1.90	1.91	1.90	0.01	12.4
4	28	6.82	2.37	6.82	2.37	6.46	11.3
4	29	7.04	2.17	7.04	2.17	7.19	10.9
4	30	5.56	2.69	5.56	2.69	4.36	10.6
5	1	6.87	2.49	6.87	2.49	6.37	14.3
5	2	7.44	1.75	7.44	1.75	8.25	14.5
5	3	7.23	2.15	7.23	2.15	7.37	13.8
5	4	6.63	2.80	6.63	2.80	5.69	14.8
5	5	7.19	2.30	7.19	2.30	7.06	15.0
5	6	6.14	3.21	6.14	3.21	4.09	13.3
5	7	6.79	2.69	6.79	2.69	6.25	12.6
5	8	6.00	3.38	6.00	3.38	4.27	12.1
5	9	7.02	2.57	7.02	2.57	6.58	11.9
5	10	6.87	2.64	6.87	2.64	6.19	12.7
5	11	5.93	2.97	5.93	2.97	4.36	11.3
5	12	6.98	2.69	6.98	2.69	6.27	12.2
5	13	6.83	2.79	6.83	2.79	5.92	11.6
5	14	5.60	2.92	5.60	2.92	4.05	13.4
5	15	7.88	1.65	7.88	1.65	9.00	13.0
5	16	5.72	3.45	5.72	3.45	3.24	12.8
5	17	6.74	2.94	6.74	2.94	5.61	12.5
5	18	7.29	2.48	7.29	2.48	7.35	13.1
5	19	7.73	2.12	7.73	2.12	8.37	19.6
5	20	6.70	3.04	6.70	3.04	5.32	18.2
5	21	7.55	2.44	7.55	2.44	7.49	15.5
5	22	4.61	3.44	4.61	3.44	1.49	15.9
5	23	6.78	3.02	6.78	3.02	5.70	14.0
5	24	7.09	2.79	7.09	2.79	6.43	14.6
5	25	3.37	2.17	3.37	2.17	2.25	15.2
5	26	7.68	2.41	7.68	2.41	8.00	16.4
5	27	7.52	2.60	7.52	2.60	7.39	16.8
5	28	6.15	3.79	6.15	3.79	3.51	15.1
5	29	5.91	3.94	5.91	3.94	2.81	13.5
5	30	5.67	2.93	5.67	2.93	4.43	13.7
5	31	6.90	3.00	6.90	3.00	5.74	14.1
6	1	8.27	1.56	8.27	1.56	9.88	14.6
6	2	7.90	2.21	7.90	2.21	8.43	14.5
6	3	8.21	1.72	8.21	1.72	9.71	13.3
6	4	7.74	2.44	7.74	2.44	8.02	14.0
6	5	6.61	3.49	6.61	3.49	4.67	13.8
6	6	5.16	4.14	5.16	4.14	1.45	13.6
6	7	8.55	1.80	8.55	1.80	10.23	12.6
6	8	7.96	2.22	7.96	2.22	8.54	13.0
6	9	6.60	3.37	6.60	3.37	4.81	13.5
6	10	6.94	3.11	6.94	3.11	5.52	14.3
6	11	7.47	2.71	7.47	2.71	7.13	14.0
6	12	8.45	1.45	8.45	1.45	10.35	16.3
6	13	8.51	1.38	8.51	1.38	10.53	14.3
6	14	7.08	2.98	7.08	2.98	6.02	15.3
6	15	4.98	3.67	4.98	3.67	2.68	14.8
6	16	8.14	2.00	8.14	2.00	9.16	14.7
6	17	7.76	2.64	7.76	2.64	7.53	15.7
6	18	8.37	1.65	8.37	1.65	9.73	20.4
6	19	8.14	1.97	8.14	1.97	8.93	19.2
6	20	6.62	3.54	6.62	3.54	4.43	18.0
6	21	5.28	2.73	5.28	2.73	3.99	17.5
6	22	7.39	2.77	7.39	2.77	6.75	16.6
6	23	5.73	3.19	5.73	3.19	4.07	16.0
6	24	5.64	4.13	5.64	4.13	2.22	17.1
6	25	7.82	2.51	7.82	2.51	7.77	15.0
6	26	8.10	2.06	8.10	2.06	8.83	15.2
6	27	7.94	2.32	7.94	2.32	8.26	14.2
6	28	5.37	3.46	5.37	3.46	2.37	13.9
6	29	7.20	3.02	7.20	3.02	5.90	14.7
6	30	7.84	2.45	7.84	2.45	7.90	15.0
7	1	8.48	1.42	8.48	1.42	10.23	17.4
7	2	7.71	2.60	7.71	2.60	7.47	17.9
7	3	6.36	3.14	6.36	3.14	5.20	15.9
7	4	7.71	2.60	7.71	2.60	7.48	15.6
7	5	8.77	1.10	8.77	1.10	11.22	15.3
7	6	8.48	1.36	8.48	1.36	10.44	16.0
7	7	7.80	2.45	7.80	2.45	8.00	17.1
7	8	7.98	2.12	7.98	2.12	8.65	23.5
7	9	8.04	1.97	8.04	1.97	8.66	17.3
7	10	7.77	2.34	7.77	2.34	7.68	16.7
7	11	7.94	2.06	7.94	2.06	8.32	16.5
7	12	7.98	1.96	7.98	1.96	8.65	16.2
7	13	7.73	2.31	7.73	2.31	7.71	14.4
7	14	7.57	2.54	7.57	2.54	7.24	14.1
7	15	7.79	2.18	7.79	2.18	8.15	14.6
7	16	7.32	2.60	7.32	2.60	6.90	15.5
7	17	8.09	1.61	8.09	1.61	9.29	17.0
7	18	6.91	2.91	6.91	2.91	6.07	16.8
7	19	6.90	2.90	6.90	2.90	5.68	15.0
7	20	7.25	2.58	7.25	2.58	6.67	21.0
7	21	7.39	2.46	7.39	2.46	7.30	18.6
7	22	7.66	2.15	7.66	2.15	8.10	18.2
7	23	8.05	1.50	8.05	1.50	9.55	16.4
7	24	7.71	2.02	7.71	2.02	8.37	15.2
7	25	7.55	2.22	7.55	2.22	7.67	13.8
7	26	2.10	2.08	2.10	2.08	0.02	15.4
7	27	7.39	2.38	7.39	2.38	7.34	15.8
7	28	7.17	2.43	7.17	2.43	6.88	17.5
7	29	7.06	2.54	7.06	2.54	6.57	14.8
7	30	6.22	3.18	6.22	3.18	4.93	16.1
7	31	5.53	2.84	5.53	2.84	4.20	15.1
8	1	6.23	3.29	6.23	3.29	4.34	15.9
8	2	6.81	2.66	6.81	2.66	6.15	15.2
8	3	6.22	3.15	6.22	3.15	4.74	14.6
8	4	8.03	1.12	8.03	1.12	10.23	15.7
8	5	7.81	1.31	7.81	1.31	9.63	15.5
8	6	7.22	2.19	7.22	2.19	7.50	14.9
8	7	7.92	1.14	7.92	1.14	10.04	15.8
8	8	7.40	1.82	7.40	1.82	8.33	15.3
8	9	7.26	1.98	7.26	1.98	8.00	16.1
8	10	6.69	2.41	6.69	2.41	6.50	16.5
8	11	5.86	3.19	5.86	3.19	3.66	16.8
8	12	7.49	1.43	7.49	1.43	9.11	16.4
8	13	7.32	1.64	7.32	1.64	8.51	16.9
8	14	7.76	1.04	7.76	1.04	10.18	16.6
8	15	4.94	3.36	4.94	3.36	2.58	16.7
8	16	7.64	1.11	7.64	1.11	9.54	18.0
8	17	4.51	3.57	4.51	3.57	1.40	20.2
8	18	7.52	1.15	7.52	1.15	9.36	21.4
8	19	7.29	1.33	7.29	1.33	8.79	18.5
8	20	7.39	1.17	7.39	1.17	9.22	17.2
8	21	6.67	2.11	6.67	2.11	6.88	16.0
8	22	7.26	1.17	7.26	1.17	9.19	16.2
8	23	6.16	2.53	6.16	2.53	5.37	17.1
8	24	5.05	1.99	5.05	1.99	4.65	18.2
8	25	7.27	1.04	7.27	1.04	9.53	17.4
8	26	6.98	1.34	6.98	1.34	8.70	18.8
8	27	6.58	1.90	6.58	1.90	7.38	17.8
8	28	6.13	2.31	6.13	2.31	5.87	17.5
8	29	6.71	1.51	6.71	1.51	8.07	17.7
8	30	6.75	1.37	6.75	1.37	8.40	19.0
8	31	6.07	2.24	6.07	2.24	6.07	18.1
9	1	5.57	2.68	5.57	2.68	4.69	20.8
9	2	6.13	1.99	6.13	1.99	6.73	21.3
9	3	6.52	1.44	6.52	1.44	8.08	23.5
9	4	5.00	3.02	5.00	3.02	3.49	22.4
9	5	5.05	2.69	5.05	2.69	4.40	19.9
9	6	3.35	1.50	3.35	1.50	2.56	16.7
9	7	6.31	1.47	6.31	1.47	7.84	17.0
9	8	5.89	1.91	5.89	1.91	6.46	16.5
9	9	6.72	0.84	6.72	0.84	9.74	16.3
9	10	6.32	1.22	6.32	1.22	8.57	15.6
9	11	6.19	1.34	6.19	1.34	8.24	15.8
9	12	5.33	2.32	5.33	2.32	5.20	16.6
9	13	4.71	2.80	4.71	2.80	3.23	17.5
9	14	4.92	2.60	4.92	2.60	4.08	18.1
9	15	3.95	2.50	3.95	2.50	2.29	17.8
9	16	5.50	1.89	5.50	1.89	6.28	16.1
9	17	5.04	2.33	5.04	2.33	4.76	17.7
9	18	6.39	0.74	6.39	0.74	9.91	17.1
9	19	6.17	0.82	6.17	0.82	9.39	17.2
9	20	4.90	2.25	4.90	2.25	4.82	18.0
9	21	5.99	0.92	5.99	0.92	8.63	17.5
9	22	5.94	0.91	5.94	0.91	8.67	17.9
9	23	6.21	0.78	6.21	0.78	9.35	20.4
9	24	5.92	0.89	5.92	0.89	8.20	19.5
9	25	4.77	2.11	4.77	2.11	4.67	16.7
9	26	5.40	1.26	5.40	1.26	6.85	17.1
9	27	5.61	0.97	5.61	0.97	7.71	17.4
9	28	5.79	0.82	5.79	0.82	8.28	18.3
9	29	5.61	0.86	5.61	0.86	8.00	18.7
9	30	5.61	0.84	5.61	0.84	8.08	19.1
10	1	2.56	2.21	2.56	2.21	0.73	16.6
10	2	2.36	2.23	2.36	2.23	0.26	16.8
10	3	4.37	1.94	4.37	1.94	4.21	17.5
10	4	1.87	1.29	1.87	1.29	1.13	18.0
10	5	3.67	2.24	3.67	2.24	2.65	18.4
10	6	4.77	1.39	4.77	1.39	6.10	18.9
10	7	3.92	2.14	3.92	2.14	3.37	17.9
10	8	3.80	2.20	3.80	2.20	2.81	19.1
10	9	4.55	1.43	4.55	1.43	5.68	21.5
10	10	5.21	0.71	5.21	0.71	8.16	22.7
10	11	4.14	1.79	4.14	1.79	4.58	20.4
10	12	4.21	1.60	4.21	1.60	4.78	20.0
10	13	4.16	1.63	4.16	1.63	4.82	19.6
10	14	4.19	1.52	4.19	1.52	5.02	19.2
10	15	4.21	1.39	4.21	1.39	5.14	17.6
10	16	4.71	0.75	4.71	0.75	7.48	18.1
10	17	4.67	0.69	4.67	0.69	7.74	17.8
10	18	4.10	1.35	4.10	1.35	5.41	17.3
10	19	3.20	2.21	3.20	2.21	1.91	18.7
10	20	2.91	2.17	2.91	2.17	1.88	18.6
10	21	4.37	0.77	4.37	0.77	7.20	17.2
10	22	4.27	0.83	4.27	0.83	6.90	16.8
10	23	2.50	1.71	2.50	1.71	2.20	17.0
10	24	2.69	2.12	2.69	2.12	1.16	16.0
10	25	3.99	0.97	3.99	0.97	6.21	15.2
10	26	3.77	1.20	3.77	1.20	5.38	15.6
10	27	3.62	1.25	3.62	1.25	5.10	14.8
10	28	3.36	1.53	3.36	1.53	3.90	16.3
10	29	3.80	0.92	3.80	0.92	6.23	16.5
10	30	3.61	1.14	3.61	1.14	5.36	15.8
10	31	2.10	1.88	2.10	1.88	0.44	16.2
11	1	1.79	0.92	1.79	0.92	2.52	12.7
11	2	3.90	0.59	3.90	0.59	7.36	13.0
11	3	2.91	1.60	2.91	1.60	3.06	13.2
11	4	3.14	1.47	3.14	1.47	3.67	14.0
11	5	3.76	0.60	3.76	0.60	7.23	14.2
11	6	2.16	1.43	2.16	1.43	2.27	14.8
11	7	2.70	1.59	2.70	1.59	2.53	16.6
11	8	2.89	1.47	2.89	1.47	3.40	17.3
11	9	3.34	0.86	3.34	0.86	5.58	18.0
11	10	2.64	1.64	2.64	1.64	2.43	18.4
11	11	2.91	1.31	2.91	1.31	3.49	16.3
11	12	3.12	0.96	3.12	0.96	5.01	15.3
11	13	3.49	0.57	3.49	0.57	6.71	14.9
11	14	3.38	0.66	3.38	0.66	6.28	13.8
11	15	1.34	0.73	1.34	0.73	1.56	13.8
11	16	2.52	1.39	2.52	1.39	2.61	14.6
11	17	3.10	0.81	3.10	0.81	5.51	14.6
11	18	2.76	1.16	2.76	1.16	3.88	17.6
11	19	2.86	0.92	2.86	0.92	4.69	17.0
11	20	1.30	1.26	1.30	1.26	0.07	14.1
11	21	1.64	1.47	1.64	1.47	0.40	15.6
11	22	2.74	1.07	2.74	1.07	4.03	15.9
11	23	1.66	1.46	1.66	1.46	0.52	13.4
11	24	1.54	0.96	1.54	0.96	1.49	15.0
11	25	1.56	1.16	1.56	1.16	1.28	14.4
11	26	2.15	1.29	2.15	1.29	2.11	13.6
11	27	2.64	1.01	2.64	1.01	3.97	12.5
11	28	2.54	1.13	2.54	1.13	3.49	11.7
11	29	2.59	0.99	2.59	0.99	3.98	12.2
11	30	0.33	0.33	0.33	0.33	0.00	10.8
12	1	0.33	0.33	0.33	0.33	0.00	9.2
12	2	2.77	0.68	2.77	0.68	5.13	12.0
12	3	1.70	1.41	1.70	1.41	0.72	12.4
12	4	2.72	0.68	2.72	0.68	5.01	10.7
12	5	2.79	0.64	2.79	0.64	5.39	10.6
12	6	2.94	0.51	2.94	0.51	6.06	11.1
12	7	1.85	1.42	1.85	1.42	1.16	11.3
12	8	1.06	1.04	1.06	1.04	0.03	10.8
12	9	1.83	1.04	1.83	1.04	2.16	11.4
12	10	1.13	1.02	1.13	1.02	0.39	10.4
12	11	1.51	1.17	1.51	1.17	0.97	12.3
12	12	2.29	1.02	2.29	1.02	3.12	11.6
12	13	2.28	0.95	2.28	0.95	3.39	12.7
12	14	2.65	0.62	2.65	0.62	5.20	13.1
12	15	2.54	0.81	2.54	0.81	4.54	14.3
12	16	2.67	0.58	2.67	0.58	5.35	12.9
12	17	2.19	1.19	2.19	1.19	2.83	15.1
12	18	2.65	0.60	2.65	0.60	5.29	14.6
12	19	2.61	0.60	2.61	0.60	5.13	13.6
12	20	2.61	0.60	2.61	0.60	5.15	11.8
12	21	2.40	0.94	2.40	0.94	3.82	13.5
12	22	2.25	1.04	2.25	1.04	3.28	12.6
12	23	1.40	1.27	1.40	1.27	0.32	8.8
12	24	0.61	0.61	0.61	0.61	0.00	8.0
12	25	2.33	1.07	2.33	1.07	3.29	9.8
12	26	2.76	0.53	2.76	0.53	5.74	10.1
12	27	2.64	0.62	2.64	0.62	5.15	12.1
12	28	2.48	0.85	2.48	0.85	4.16	13.3
12	29	2.51	0.78	2.51	0.78	4.51	14.0
12	30	1.09	1.07	1.09	1.07	0.05	13.1
12	31	1.29	1.22	1.29	1.22	0.20	15.6
